3
7
11
15
19
23
31
35
43
47
59
63
67
71
79
83
103
107
127
131
139
143
151
163
167
179
191
199
211
223
227
239
251
255
263
271
283
307
311
323
331
347
359
367
379
383
419
431
439
443
463
467
479
487
491
499
503
511
523
547
563
571
587
599
607
619
631
643
647
659
683
691
719
727
739
743
751
787
811
823
827
839
859
863
883
887
899
907
911
919
947
967
971
983
991
1019
1023
1031
1039
1051
1063
1087
1091
1103
1123
1151
1163
1171
1187
1223
1231
1259
1279
1283
1291
1303
1307
1319
1327
1367
1399
1423
1427
1439
1447
1451
1459
1471
1483
1487
1499
1511
1523
1531
1543
1559
1567
1571
1579
1583
1607
1619
1627
1663
1667
1699
1723
1747
1759
1763
1783
1787
1811
1823
1831
1847
1867
1871
1879
1907
1931
1951
1979
1987
1999
2003
2011
2027
2039
2047
2063
2083
2087
2099
2111
2131
2143
2179
2203
2207
2239
2243
2251
2267
2287
2311
2339
2347
2351
2371
2383
2399
2411
2423
2447
2459
2467
2503
2531
2539
2543
2551
2579
2591
2647
2659
2663
2671
2683
2687
2699
2707
2711
2719
2731
2767
2791
2803
2819
2843
2851
2879
2887
2903
2927
2939
2963
2971
2999
3011
3019
3023
3067
3079
3083
3119
3163
3167
3187
3191
3203
3251
3259
3271
3299
3307
3319
3323
3331
3343
3347
3359
3371
3391
3407
3463
3467
3491
3499
3511
3527
3539
3547
3559
3571
3583
3599
3607
3623
3631
3643
3659
3671
3691
3719
3727
3739
3767
3779
3803
3823
3847
3851
3863
3907
3911
3919
3923
3931
3943
3947
3967
4003
4007
4019
4027
4051
4079
4091
4095
4099
4111
4127
4139
4159
4211
4219
4231
4243
4259
4271
4283
4327
4339
4363
4391
4423
4447
4451
4463
4483
4507
4519
4523
4547
4567
4583
4591
4603
4639
4643
4651
4663
4679
4691
4703
4723
4751
4759
4783
4787
4799
4831
4871
4903
4919
4931
4943
4951
4967
4987
4999
5003
5011
5023
5039
5051
5059
5087
5099
5107
5119
5147
5167
5171
5179
5183
5227
5231
5279
5303
5323
5347
5351
5387
5399
5407
5419
5431
5443
5471
5479
5483
5503
5507
5519
5527
5531
5563
5591
5623
5639
5647
5651
5659
5683
5711
5743
5779
5783
5791
5807
5827
5839
5843
5851
5867
5879
5903
5923
5927
5939
5987
6007
6011
6043
6047
6067
6079
6091
6131
6143
6151
6163
6199
6203
6211
6247
6263
6271
6287
6299
6311
6323
6343
6359
6367
6379
6427
6451
6491
6547
6551
6563
6571
6599
6607
6619
6659
6679
6691
6703
6719
6763
6779
6791
6803
6823
6827
6863
6871
6883
6899
6907
6911
6947
6959
6967
6971
6983
6991
7019
7027
7039
7043
7079
7103
7127
7151
7159
7187
7207
7211
7219
7243
7247
7283
7307
7331
7351
7411
7451
7459
7487
7499
7507
7523
7547
7559
7583
7591
7603
7607
7639
7643
7687
7691
7699
7703
7723
7727
7759
7823
7867
7879
7883
7907
7919
7927
7951
7963
8011
8039
8059
8087
8111
8123
8147
8167
8171
8179
8191
8219
8231
8243
8263
8287
8291
8311
8363
8387
8419
8423
8431
8443
8447
8467
8527
8539
8543
8563
8599
8623
8627
8647
8663
8699
8707
8719
8731
8747
8779
8783
8803
8807
8819
8831
8839
8863
8867
8887
8923
8951
8963
8971
8999
9007
9011
9043
9059
9067
9091
9103
9127
9151
9187
9199
9203
9227
9239
9283
9311
9319
9323
9343
9371
9391
9403
9419
9431
9439
9463
9467
9479
9491
9511
9539
9547
9551
9587
9619
9623
9631
9643
9679
9719
9739
9743
9767
9787
9791
9803
9811
9839
9851
9859
9871
9883
9887
9907
9923
9931
9967
10007
10039
10067
10079
10091
10099
10103
10111
10139
10151
10159
10163
10211
10223
10243
10247
10259
10267
10271
10303
10331
10343
10391
10399
10403
10427
10459
10463
10487
10499
10531
10559
10567
10607
10627
10631
10639
10651
10663
10667
10687
10691
10711
10723
10739
10771
10799
10831
10847
10859
10867
10883
10891
10903
10939
10979
10987
11003
11027
11047
11059
11071
11083
11087
11119
11131
11159
11171
11239
11243
11251
11279
11287
11299
11311
11351
11383
11399
11411
11423
11443
11447
11467
11471
11483
11491
11503
11519
11527
11551
11579
11587
11663
11699
11719
11731
11743
11779
11783
11807
11827
11831
11839
11863
11867
11887
11903
11923
11927
11939
11959
11971
11987
12007
12011
12043
12071
12107
12119
12143
12163
12203
12211
12227
12239
12251
12263
12323
12343
12347
12379
12391
12451
12479
12487
12491
12503
12511
12527
12539
12547
12583
12611
12619
12647
12659
12671
12703
12739
12743
12763
12791
12799
12823
12899
12907
12911
12919
12923
12959
12967
12979
12983
13003
13007
13043
13063
13099
13103
13127
13147
13151
13159
13163
13171
13183
13187
13219
13259
13267
13291
13327
13331
13339
13367
13399
13411
13451
13463
13487
13499
13523
13567
13591
13619
13627
13679
13687
13691
13711
13723
13751
13759
13763
13799
13807
13831
13859
13879
13883
13903
13907
13931
13963
13967
13999
14011
14051
14071
14083
14087
14107
14143
14159
14207
14243
14251
14303
14323
14327
14347
14387
14407
14411
14419
14423
14431
14447
14479
14503
14519
14543
14551
14563
14591
14627
14639
14683
14699
14723
14731
14747
14759
14767
14771
14779
14783
14827
14831
14843
14851
14867
14879
14887
14891
14923
14939
14947
14951
14983
15031
15083
15091
15107
15131
15139
15187
15199
15227
15259
15263
15271
15287
15299
15307
15319
15331
15359
15383
15391
15427
15439
15443
15451
15467
15511
15527
15551
15559
15583
15607
15619
15643
15647
15667
15671
15679
15683
15727
15731
15739
15767
15787
15791
15803
15823
15859
15887
15907
15919
15923
15959
15971
15991
16007
16063
16067
16087
16091
16103
16111
16127
16139
16183
16187
16223
16231
16267
16319
16339
16363
16383
16411
16427
16447
16451
16487
16519
16547
16567
16603
16607
16619
16631
16651
16691
16699
16703
16747
16759
16763
16787
16811
16823
16831
16843
16871
16879
16883
16903
16927
16931
16943
16963
16979
16987
17011
17027
17047
17099
17107
17123
17159
17167
17183
17191
17203
17207
17231
17239
17291
17299
17327
17351
17359
17383
17387
17419
17431
17443
17467
17471
17483
17491
17519
17539
17551
17579
17599
17623
17627
17659
17683
17707
17747
17783
17791
17807
17827
17839
17851
17863
17891
17903
17911
17923
17939
17959
17971
17987
18043
18047
18059
18119
18127
18131
18143
18191
18199
18211
18223
18251
18287
18307
18311
18367
18371
18379
18427
18439
18443
18451
18503
18523
18539
18583
18587
18671
18679
18691
18719
18731
18743
18787
18803
18839
18859
18899
18911
18919
18947
18959
18979
19031
19043
19051
19079
19087
19139
19163
19183
19207
19211
19219
19231
19259
19267
19319
19379
19387
19391
19403
19423
19427
19447
19463
19471
19483
19507
19531
19543
19559
19571
19583
19603
19687
19699
19727
19739
19751
19759
19763
19819
19843
19867
19891
19919
19927
19963
19979
19991
20011
20023
20047
20051
20063
20071
20107
20123
20143
20147
20183
20219
20231
20287
20323
20327
20347
20359
20399
20407
20411
20431
20443
20479
20483
20507
20543
20551
20563
20599
20611
20627
20639
20663
20707
20719
20731
20743
20747
20759
20771
20807
20879
20887
20899
20903
20939
20947
20959
20963
20983
21011
21019
21023
21031
21059
21067
21107
21139
21143
21163
21179
21187
21191
21211
21227
21247
21283
21319
21323
21347
21379
21383
21391
21407
21419
21467
21487
21491
21499
21503
21523
21559
21563
21587
21599
21611
21647
21683
21727
21739
21751
21767
21787
21799
21803
21839
21851
21859
21863
21871
21911
21943
21991
22003
22027
22031
22039
22051
22063
22067
22079
22091
22111
22123
22147
22159
22171
22247
22259
22271
22279
22283
22291
22303
22307
22343
22367
22391
22447
22483
22499
22511
22531
22543
22567
22571
22619
22639
22643
22651
22679
22691
22699
22727
22739
22751
22783
22787
22807
22811
22859
22871
22907
22943
22963
23003
23011
23027
23039
23059
23063
23071
23087
23099
23131
23143
23159
23167
23203
23227
23251
23279
23291
23311
23327
23339
23371
23399
23431
23447
23459
23531
23539
23563
23567
23599
23603
23623
23627
23663
23671
23687
23719
23743
23747
23767
23819
23827
23831
23879
23887
23899
23911
23971
24007
24019
24023
24043
24071
24083
24091
24103
24107
24151
24179
24203
24223
24239
24247
24251
24359
24371
24379
24391
24407
24419
24439
24443
24499
24527
24547
24551
24571
24611
24623
24631
24659
24671
24683
24691
24763
24767
24799
24847
24851
24859
24907
24919
24923
24943
24967
24971
24979
25031
25087
25111
25127
25147
25163
25171
25183
25219
25243
25247
25303
25307
25339
25343
25367
25391
25411
25423
25439
25447
25463
25471
25523
25579
25583
25603
25639
25643
25667
25679
25703
25747
25759
25763
25771
25799
25819
25847
25867
25903
25919
25931
25939
25943
25951
25999
26003
26083
26099
26107
26111
26119
26171
26183
26203
26227
26251
26263
26267
26339
26347
26371
26387
26399
26407
26423
26431
26459
26479
26539
26591
26627
26647
26683
26687
26699
26711
26723
26731
26759
26783
26839
26863
26879
26891
26903
26927
26947
26951
26959
26987
27011
27031
27043
27059
27067
27091
27103
27107
27127
27143
27179
27191
27211
27239
27259
27271
27283
27299
27367
27407
27427
27431
27479
27487
27527
27539
27551
27583
27611
27631
27647
27691
27739
27743
27751
27763
27767
27779
27791
27799
27803
27823
27827
27847
27851
27883
27919
27943
27947
27967
27983
28019
28027
28031
28051
28087
28099
28111
28123
28151
28163
28183
28211
28219
28279
28283
28307
28319
28351
28387
28403
28411
28439
28447
28463
28499
28547
28559
28571
28579
28591
28603
28607
28619
28627
28631
28643
28663
28687
28703
28711
28723
28751
28759
28771
28807
28843
28859
28867
28871
28879
28927
28979
29023
29027
29059
29063
29123
29131
29147
29167
29179
29191
29207
29231
29243
29251
29287
29303
29311
29327
29339
29347
29363
29383
29387
29399
29411
29423
29443
29483
29527
29531
29567
29587
29599
29611
29663
29671
29683
29723
29759
29803
29819
29851
29863
29867
29879
29927
29947
29959
29983
30011
30047
30059
30071
30091
30103
30119
30139
30187
30203
30211
30223
30259
30271
30307
30319
30323
30347
30367
30391
30403
30427
30431
30467
30491
30539
30559
30631
30643
30671
30703
30707
30727
30763
30803
30839
30851
30859
30871
30911
30931
30971
30983
31019
31039
31051
31063
31079
31091
31123
31139
31147
31151
31159
31183
31219
31223
31231
31247
31259
31267
31271
31307
31319
31327
31379
31387
31391
31511
31531
31543
31547
31567
31583
31607
31627
31643
31663
31667
31687
31699
31723
31727
31751
31771
31799
31847
31859
31883
31891
31907
31963
31991
32003
32027
32051
32059
32063
32083
32099
32119
32143
32159
32183
32191
32203
32251
32299
32303
32323
32327
32359
32363
32371
32399
32411
32423
32443
32467
32479
32491
32503
32507
32531
32563
32579
32587
32603
32611
32647
32687
32707
32719
32767
32771
32779
32783
32803
32831
32839
32843
32887
32911
32939
32971
32983
32987
32999
33023
33071
33083
33091
33107
33119
33151
33179
33191
33199
33203
33211
33223
33247
33287
33311
33331
33343
33347
33359
33391
33403
33427
33479
33487
33503
33547
33563
33587
33599
33619
33623
33647
33679
33703
33739
33751
33767
33791
33811
33827
33851
33863
33871
33911
33923
33931
33967
34019
34031
34039
34123
34127
34147
34159
34171
34183
34211
34231
34259
34267
34283
34303
34319
34327
34351
34367
34403
34439
34471
34483
34487
34499
34511
34519
34543
34583
34591
34603
34607
34631
34651
34667
34679
34687
34703
34739
34747
34759
34763
34807
34819
34843
34847
34871
34883
34919
34939
34963
35023
35027
35051
35059
35083
35099
35107
35111
35159
35171
35227
35251
35267
35279
35291
35311
35323
35327
35339
35363
35407
35419
35423
35447
35491
35507
35527
35531
35543
35591
35603
35671
35731
35747
35759
35771
35803
35831
35839
35851
35863
35879
35899
35911
35923
35951
35963
35983
35999
36007
36011
36067
36083
36107
36131
36151
36187
36191
36251
36263
36299
36307
36319
36343
36383
36451
36467
36479
36523
36527
36551
36559
36563
36571
36583
36587
36599
36607
36643
36671
36683
36691
36739
36767
36779
36787
36791
36847
36863
36871
36887
36899
36919
36923
36931
36943
36947
36979
37003
37019
37039
37087
37123
37139
37159
37171
37199
37223
37243
37307
37339
37363
37379
37423
37447
37463
37483
37507
37511
37547
37567
37571
37579
37591
37607
37619
37643
37663
37691
37699
37747
37783
37799
37811
37831
37847
37871
37879
37907
37951
37963
37967
37987
37991
38011
38039
38047
38083
38119
38167
38183
38219
38231
38239
38287
38299
38303
38327
38351
38371
38431
38447
38459
38543
38567
38603
38611
38639
38651
38671
38699
38707
38711
38723
38747
38767
38783
38791
38803
38839
38851
38867
38891
38903
38923
38959
38971
39019
39023
39043
39047
39079
39103
39107
39119
39139
39163
39191
39199
39203
39227
39239
39251
39323
39343
39359
39367
39371
39383
39419
39439
39443
39451
39499
39503
39511
39551
39563
39607
39619
39623
39631
39659
39667
39671
39679
39703
39719
39727
39779
39791
39799
39827
39839
39847
39863
39883
39887
39971
39979
39983
40031
40039
40063
40087
40099
40111
40123
40127
40151
40163
40231
40283
40343
40351
40387
40423
40427
40459
40471
40483
40487
40499
40507
40519
40531
40543
40559
40583
40591
40627
40639
40699
40739
40751
40759
40763
40771
40787
40819
40823
40847
40867
40879
40883
40903
40927
40939
41011
41023
41039
41047
41051
41131
41143
41179
41183
41203
41227
41231
41243
41263
41299
41351
41387
41399
41411
41443
41467
41479
41491
41507
41519
41539
41543
41579
41603
41611
41627
41647
41651
41659
41687
41719
41759
41771
41843
41851
41863
41879
41887
41903
41911
41927
41947
41959
41983
41999
42019
42023
42043
42071
42083
42131
42139
42179
42187
42223
42227
42239
42283
42299
42307
42323
42331
42359
42379
42391
42403
42407
42443
42451
42463
42467
42487
42491
42499
42571
42611
42643
42667
42683
42703
42719
42727
42743
42751
42767
42787
42839
42859
42863
42899
42923
42943
42967
42979
43003
43019
43051
43063
43067
43103
43151
43159
43207
43223
43271
43283
43291
43319
43331
43391
43399
43403
43411
43427
43451
43487
43499
43543
43579
43591
43607
43627
43651
43691
43711
43759
43783
43787
43867
43891
43943
43951
43963
43987
43991
44027
44059
44071
44087
44111
44119
44123
44131
44159
44171
44179
44203
44207
44263
44267
44279
44351
44371
44383
44483
44491
44507
44519
44531
44543
44563
44579
44587
44623
44647
44651
44683
44687
44699
44711
44771
44819
44839
44843
44851
44867
44879
44887
44927
44939
44959
44963
44971
44983
44987
45007
45083
45119
45127
45131
45139
45179
45191
45247
45259
45263
45307
45319
45343
45403
45427
45439
45491
45503
45523
45587
45599
45631
45659
45667
45691
45707
45751
45763
45767
45779
45823
45827
45863
45887
45943
45959
45971
45979
46027
46051
46091
46099
46103
46147
46171
46183
46187
46199
46219
46271
46279
46307
46327
46351
46399
46411
46439
46447
46451
46471
46499
46507
46511
46523
46559
46567
46591
46619
46639
46643
46663
46679
46687
46691
46703
46723
46727
46747
46751
46771
46807
46811
46819
46831
46867
46919
47051
47059
47087
47111
47119
47123
47143
47147
47207
47251
47279
47287
47303
47339
47351
47363
47387
47407
47419
47431
47459
47491
47507
47527
47543
47563
47591
47599
47623
47639
47659
47699
47711
47743
47779
47791
47807
47819
47843
47903
47911
47939
47947
47951
47963
48023
48079
48091
48119
48131
48163
48179
48187
48239
48247
48259
48271
48299
48311
48371
48383
48407
48463
48479
48487
48491
48523
48527
48539
48563
48571
48611
48619
48623
48647
48679
48731
48751
48767
48779
48787
48799
48823
48847
48859
48871
48883
48907
48947
48991
49003
49019
49031
49043
49103
49123
49139
49171
49199
49207
49211
49223
49279
49307
49331
49339
49363
49367
49391
49411
49451
49459
49463
49499
49523
49531
49547
49559
49603
49627
49639
49663
49667
49711
49727
49739
49747
49783
49787
49807
49811
49823
49831
49843
49871
49891
49919
49927
49939
49943
49991
49999
50023
50047
50051
50087
50111
50119
50123
50131
50147
50159
50207
50227
50231
50263
50287
50291
50311
50359
50363
50383
50387
50411
50423
50459
50503
50527
50539
50543
50551
50587
50591
50599
50627
50647
50651
50671
50683
50707
50723
50767
50839
50867
50891
50923
50951
50971
51031
51043
51047
51059
51071
51131
51151
51199
51203
51239
51263
51283
51287
51307
51343
51347
51383
51407
51419
51427
51431
51439
51479
51487
51503
51511
51539
51551
51563
51599
51607
51631
51647
51659
51679
51683
51691
51719
51767
51787
51803
51827
51839
51859
51871
51899
51907
51971
51983
51991
52027
52051
52067
52103
52127
52147
52163
52183
52223
52259
52267
52291
52363
52379
52387
52391
52511
52543
52567
52571
52579
52583
52627
52631
52639
52667
52691
52711
52727
52747
52783
52807
52859
52879
52883
52903
52919
52951
52963
52967
52999
53003
53047
53051
53087
53147
53171
53231
53239
53267
53279
53299
53323
53327
53359
53407
53411
53419
53479
53503
53507
53527
53551
53591
53611
53623
53639
53699
53719
53731
53759
53783
53791
53819
53831
53887
53891
53899
53923
53927
53939
53951
53959
53987
54011
54059
54083
54091
54139
54151
54163
54167
54251
54287
54311
54319
54323
54331
54347
54367
54371
54403
54419
54443
54499
54503
54539
54547
54559
54563
54583
54623
54631
54647
54667
54679
54727
54751
54767
54779
54787
54799
54851
54907
54919
54959
54979
54983
55051
55079
55103
55127
55147
55163
55171
55207
55219
55243
55259
55291
55331
55339
55343
55351
55399
55411
55439
55487
55511
55547
55579
55603
55619
55631
55639
55663
55667
55691
55711
55763
55787
55799
55807
55819
55823
55843
55871
55903
55927
55931
55967
55987
56003
56039
56087
56099
56123
56131
56167
56171
56179
56207
56239
56263
56267
56299
56311
56359
56383
56431
56443
56467
56479
56503
56519
56527
56531
56543
56591
56599
56611
56659
56663
56671
56687
56711
56731
56747
56767
56779
56783
56807
56827
56843
56891
56911
56923
56951
56963
56983
56999
57047
57059
57107
57119
57131
57139
57143
57163
57179
57191
57203
57223
57251
57259
57271
57283
57287
57331
57347
57367
57383
57427
57467
57487
57503
57527
57559
57571
57587
57599
57667
57679
57719
57727
57731
57751
57787
57791
57803
57839
57847
57859
57899
57923
57943
57947
57991
58027
58031
58043
58067
58099
58111
58147
58151
58171
58199
58207
58211
58231
58243
58271
58363
58367
58379
58391
58403
58411
58427
58439
58451
58511
58543
58567
58579
58603
58631
58679
58687
58699
58711
58727
58763
58771
58787
58831
58907
58943
58963
58967
58979
58991
59011
59023
59051
59063
59083
59107
59119
59123
59159
59167
59183
59207
59219
59239
59243
59263
59351
59359
59387
59399
59407
59419
59443
59447
59467
59471
59539
59567
59611
59627
59651
59659
59663
59671
59699
59707
59723
59743
59747
59771
59779
59791
59863
59879
59887
59951
59971
59999
60083
60091
60103
60107
60127
60139
60167
60223
60251
60259
60271
60331
60343
60383
60427
60443
60527
60539
60607
60611
60623
60631
60647
60659
60679
60703
60719
60727
60763
60779
60811
60859
60887
60899
60919
60923
60943
61007
61027
61031
61043
61051
61091
61099
61151
61211
61223
61231
61283
61291
61331
61339
61343
61363
61379
61403
61463
61471
61483
61487
61507
61511
61519
61543
61547
61559
61583
61603
61627
61631
61643
61651
61667
61687
61703
61723
61751
61819
61843
61871
61879
61927
61967
61979
61987
61991
62003
62011
62039
62047
62071
62099
62119
62131
62143
62171
62191
62207
62219
62299
62303
62311
62323
62327
62347
62351
62383
62423
62459
62467
62483
62507
62539
62563
62591
62603
62627
62639
62659
62683
62687
62723
62731
62743
62791
62819
62827
62851
62903
62927
62939
62971
62983
62987
63031
63059
63067
63079
63103
63127
63131
63179
63199
63211
63247
63299
63311
63331
63347
63367
63391
63419
63439
63443
63463
63467
63487
63499
63527
63559
63587
63599
63607
63611
63647
63659
63667
63671
63691
63703
63719
63727
63743
63799
63803
63823
63839
63863
63907
64007
64019
64063
64067
64091
64123
64151
64171
64187
64223
64231
64271
64279
64283
64303
64319
64327
64399
64403
64439
64451
64483
64499
64567
64579
64591
64627
64663
64667
64679
64747
64763
64783
64811
64871
64879
64891
64919
64927
64951
65003
65011
65027
65063
65071
65099
65111
65119
65123
65147
65167
65171
65179
65183
65203
65239
65267
65287
65323
65327
65371
65407
65419
65423
65447
65479
65519
65535
65539
65543
65551
65563
65579
65587
65599
65647
65651
65687
65699
65707
65719
65731
65827
65831
65839
65843
65851
65867
65899
65927
65951
65963
65983
66047
66067
66071
66083
66103
66107
66179
66191
66239
66271
66343
66347
66359
66383
66403
66431
66463
66467
66491
66499
66523
66571
66587
66643
66683
66739
66751
66763
66791
66851
66863
66883
66919
66923
66931
66943
66947
66959
67003
67043
67079
67103
67139
67187
67211
67219
67231
67247
67271
67307
67339
67343
67391
67399
67411
67427
67447
67499
67511
67523
67531
67547
67559
67567
67579
67607
67619
67631
67651
67679
67699
67723
67751
67759
67763
67783
67807
67819
67843
67867
67883
67891
67927
67931
67939
67943
67967
67979
67987
68023
68059
68071
68087
68099
68111
68147
68171
68207
68219
68227
68239
68279
68311
68351
68371
68399
68443
68447
68483
68491
68507
68531
68539
68543
68567
68611
68639
68659
68683
68687
68699
68711
68743
68767
68771
68791
68819
68863
68879
68891
68899
68903
68927
68947
68963
69011
69019
69031
69067
69119
69127
69143
69151
69163
69191
69203
69239
69247
69259
69263
69371
69379
69383
69403
69427
69431
69439
69463
69467
69491
69499
69539
69623
69691
69739
69763
69767
69779
69827
69847
69859
69899
69911
69931
69959
69991
70003
70019
70039
70051
70067
70079
70099
70111
70123
70139
70163
70183
70199
70207
70223
70271
70327
70351
70379
70423
70439
70451
70459
70487
70507
70571
70583
70607
70619
70627
70639
70663
70667
70687
70783
70823
70843
70867
70879
70891
70919
70951
70979
70991
70999
71011
71023
71039
71059
71119
71143
71147
71167
71171
71191
71263
71287
71327
71339
71347
71359
71363
71387
71399
71411
71419
71443
71471
71479
71483
71503
71527
71551
71563
71647
71663
71671
71699
71707
71711
71719
71807
71843
71867
71879
71887
71899
71947
71963
71971
71983
71987
71999
72019
72031
72043
72047
72091
72103
72139
72167
72211
72223
72227
72251
72271
72287
72307
72367
72379
72383
72431
72467
72503
72547
72551
72559
72623
72643
72647
72671
72679
72707
72719
72727
72739
72763
72767
72823
72859
72871
72883
72899
72907
72911
72923
72931
72959
73019
73039
73043
73063
73079
73091
73127
73243
73259
73291
73303
73327
73331
73351
73363
73379
73387
73459
73471
73483
73523
73547
73571
73583
73607
73643
73651
73679
73699
73727
73751
73771
73783
73819
73823
73847
73859
73867
73883
73907
73939
73943
73951
73999
74027
74047
74051
74071
74099
74131
74143
74159
74167
74203
74219
74231
74279
74287
74311
74323
74363
74383
74411
74419
74471
74507
74527
74531
74551
74567
74587
74611
74623
74687
74699
74707
74719
74731
74747
74759
74771
74779
74827
74831
74843
74887
74891
74903
74923
74959
75011
75079
75083
75167
75211
75223
75227
75239
75307
75323
75347
75367
75391
75403
75407
75431
75479
75503
75511
75527
75539
75571
75583
75611
75619
75659
75679
75683
75703
75707
75731
75743
75767
75787
75883
75931
75967
75979
75983
75991
76003
76031
76039
76079
76091
76099
76103
76123
76147
76159
76163
76207
76231
76243
76259
76283
76303
76343
76367
76379
76387
76403
76423
76463
76471
76487
76507
76511
76519
76543
76579
76603
76607
76631
76651
76667
76679
76771
76819
76831
76847
76871
76883
76907
76919
76943
76963
76991
77003
77023
77047
77167
77171
77191
77239
77243
77263
77267
77279
77291
77323
77339
77347
77351
77359
77383
77419
77431
77447
77471
77479
77491
77527
77543
77551
77563
77587
77591
77611
77647
77659
77687
77699
77711
77719
77723
77731
77743
77747
77783
77839
77863
77867
77899
77951
77983
77999
78007
78031
78059
78079
78139
78163
78167
78179
78191
78203
78259
78283
78307
78311
78347
78367
78427
78439
78467
78479
78487
78511
78539
78571
78583
78607
78623
78643
78691
78707
78779
78787
78791
78803
78823
78839
78887
78919
78979
79031
79039
79043
79063
79087
79103
79111
79139
79147
79151
79159
79187
79231
79259
79279
79283
79319
79367
79379
79399
79411
79423
79427
79451
79523
79531
79559
79579
79627
79631
79687
79691
79699
79811
79823
79843
79847
79867
79903
79907
79939
79943
79967
79979
79987
79999
80039
80051
80071
80107
80111
80147
80167
80191
80207
80231
80239
80251
80263
80279
80287
80347
80363
80387
80407
80447
80471
80491
80527
80567
80599
80603
80611
80627
80651
80671
80683
80687
80747
80779
80783
80803
80819
80831
80863
80911
80923
80963
81019
81023
81031
81043
81047
81071
81083
81119
81131
81163
81199
81203
81223
81239
81283
81299
81307
81331
81343
81359
81371
81439
81463
81527
81547
81551
81559
81563
81611
81619
81647
81667
81671
81703
81707
81727
81799
81839
81847
81883
81899
81919
81931
81943
81967
81971
82003
82007
82031
82039
82051
82067
82139
82163
82171
82183
82207
82219
82223
82231
82267
82279
82307
82339
82351
82387
82463
82471
82483
82487
82499
82507
82531
82559
82567
82571
82591
82619
82651
82699
82723
82727
82759
82763
82787
82799
82811
82847
82883
82891
82903
82939
82963
83003
83023
83047
83059
83063
83071
83203
83207
83219
83227
83231
83243
83267
83299
83311
83339
83383
83399
83407
83423
83431
83443
83459
83471
83563
83579
83591
83639
83663
83719
83791
83843
83891
83903
83911
83939
83983
83987
84011
84047
84059
84067
84127
84131
84143
84163
84179
84191
84199
84211
84223
84239
84247
84263
84299
84307
84319
84347
84391
84407
84431
84443
84463
84467
84499
84503
84523
84551
84559
84631
84659
84691
84719
84731
84751
84787
84811
84827
84859
84871
84919
84947
84967
84979
84991
85027
85087
85091
85103
85147
85159
85199
85223
85243
85247
85259
85303
85331
85363
85411
85427
85439
85447
85451
85487
85523
85531
85571
85607
85619
85627
85639
85643
85667
85691
85703
85711
85751
85819
85831
85843
85847
85903
85931
85991
85999
86011
86027
86083
86111
86131
86143
86171
86179
86183
86239
86243
86263
86287
86291
86311
86323
86351
86371
86399
86423
86467
86491
86531
86539
86579
86587
86599
86627
86711
86719
86743
86767
86771
86783
86843
86851
86923
86927
86939
86951
86959
87011
87071
87083
87103
87107
87119
87151
87179
87187
87211
87223
87251
87299
87323
87359
87383
87403
87407
87427
87443
87491
87511
87523
87539
87547
87559
87583
87587
87623
87631
87643
87671
87679
87683
87691
87719
87739
87743
87751
87767
87803
87811
87887
87911
87931
87943
87959
87991
88003
88007
88019
88079
88211
88223
88259
88327
88339
88379
88411
88423
88427
88463
88471
88499
88523
88547
88591
88607
88643
88651
88663
88667
88747
88771
88799
88807
88811
88819
88843
88867
88883
88903
88919
88951
89003
89051
89071
89083
89087
89107
89119
89123
89203
89227
89231
89303
89363
89371
89387
89399
89431
89443
89459
89491
89519
89527
89563
89567
89591
89599
89603
89611
89627
89659
89671
89759
89767
89779
89783
89819
89839
89867
89891
89899
89923
89939
89959
89963
89983
90007
90011
90019
90023
90031
90059
90067
90071
90107
90127
90163
90187
90191
90199
90203
90227
90239
90247
90263
90271
90359
90371
90379
90403
90407
90439
90499
90511
90523
90527
90547
90583
90599
90619
90631
90647
90659
90679
90703
90731
90787
90803
90823
90847
90863
90887
90907
90911
90931
90947
90971
91019
91079
91099
91127
91139
91151
91159
91163
91183
91199
91243
91283
91291
91303
91331
91367
91387
91411
91423
91459
91463
91499
91571
91583
91591
91631
91639
91691
91703
91711
91771
91807
91811
91823
91867
91939
91943
91951
91967
92003
92051
92083
92107
92111
92119
92143
92179
92203
92219
92227
92243
92251
92311
92347
92363
92383
92387
92399
92419
92431
92459
92467
92479
92503
92507
92551
92567
92623
92627
92639
92647
92671
92683
92699
92707
92723
92767
92779
92791
92831
92863
92867
92899
92927
92951
92959
92987
93047
93059
93083
93103
93131
93139
93151
93179
93187
93199
93239
93251
93263
93283
93287
93307
93319
93323
93371
93383
93407
93419
93427
93463
93479
93487
93491
93503
93523
93559
93563
93607
93683
93703
93719
93739
93763
93787
93811
93827
93851
93871
93887
93911
93923
93967
93971
93979
93983
94007
94063
94079
94099
94111
94151
94207
94219
94291
94307
94327
94331
94343
94351
94379
94399
94427
94439
94447
94463
94483
94531
94543
94547
94559
94583
94603
94651
94687
94723
94727
94747
94771
94811
94819
94823
94847
94903
94907
94951
94999
95003
95027
95063
95071
95083
95087
95107
95111
95131
95143
95191
95203
95219
95231
95239
95267
95279
95287
95311
95327
95339
95383
95419
95443
95467
95471
95479
95483
95507
95527
95531
95539
95603
95651
95707
95723
95731
95747
95783
95791
95803
95819
95891
95911
95923
95947
95959
95971
95987
96043
96059
96079
96167
96179
96199
96211
96223
96259
96263
96323
96331
96419
96431
96443
96451
96479
96487
96527
96587
96643
96667
96671
96703
96731
96739
96763
96779
96787
96799
96823
96827
96847
96851
96907
96911
96931
96959
96979
97003
97007
97039
97103
97127
97151
97159
97171
97187
97231
97259
97283
97303
97327
97343
97367
97379
97387
97423
97459
97463
97499
97511
97523
97547
97571
97579
97583
97607
97651
97687
97711
97771
97787
97843
97847
97859
97871
97879
97883
97919
97927
97931
97943
97967
97987
98011
98047
98123
98143
98179
98207
98227
98251
98299
98323
98327
98347
98387
98407
98411
98419
98443
98459
98467
98479
98491
98507
98519
98543
98563
98627
98639
98663
98711
98731
98779
98807
98867
98887
98899
98911
98927
98939
98947
98963
98999
99023
99079
99083
99103
99119
99131
99139
99191
99223
99251
99259
99347
99367
99371
99391
99431
99439
99487
99523
99527
99551
99559
99563
99571
99607
99611
99623
99643
99667
99679
99707
99719
99767
99787
99823
99839
99859
99871
99907
99923
99971
99991
