5
37
101
197
677
2917
4357
5477
8101
8837
12101
15877
16901
17957
21317
22501
28901
42437
44101
52901
62501
72901
93637
98597
106277
122501
148997
164837
184901
217157
220901
224677
240101
324901
352837
401957
417317
427717
454277
470597
476101
509797
562501
682277
792101
820837
828101
864901
894917
902501
933157
972197
1020101
1110917
1136357
1144901
1196837
1223237
1313317
1322501
1378277
1464101
1552517
1623077
1664101
1674437
1705637
1726597
1822501
1833317
1865957
1887877
1943237
1976837
1988101
2044901
2056357
2232037
2390117
2402501
2452357
2464901
2515397
2604997
2735717
2802277
2842597
3118757
3147077
3204101
3218437
3422501
3496901
3587237
3648101
3865157
3880901
3896677
3960101
4024037
4104677
4137157
4202501
4218917
4301477
4351397
4384837
4435237
4519877
4639717
4726277
4884101
5134757
5225797
5262437
5336101
5354597
5410277
5428901
5541317
5788837
5904901
6022117
6100901
6421157
6502501
6604901
6728837
7001317
7043717
7107557
7322437
7452901
7540517
7584517
7650757
7672901
7806437
8031557
8122501
8352101
8561477
8608357
8844677
8916197
9156677
9278117
9326917
9449477
9572837
9647237
9672101
9821957
